20 68.7088
21 45.4312
23 64.2565
8 56.7187
20 62.936
5 55.2167
13 61.9578
12 57.7438
1 60.0488
18 57.105
18 51.9814
2 68.464
15 62.9725
15 46.1966
9 43.8308
1 46.4228
9 59.7107
15 51.8785
15 54.3839
23 66.7088
15 60.5089
6 50.304
1 69.9712
19 52.0558
4 71.3072
15 51.8163
22 53.88
1 53.2788
5 57.082
21 61.543
19 57.9595
7 65.6186
14 55.1206
4 64.5888
20 65.695
18 58.2051
12 60.5677
11 68.2595
23 55.7198
22 46.6684
10 65.8217
18 64.6686
22 41.6263
3 54.4008
1 64.3956
3 50.6296
10 70.2402
6 61.5485
16 54.2458
11 65.6649
13 52.9083
21 54.4383
8 63.6226
16 63.7089
14 53.1219
7 61.7409
15 65.9021
14 61.7082
19 62.3907
10 56.6474
0 56.4673
13 58.2365
15 57.9439
2 67.7131
8 81.0985
9 54.0269
12 49.0252
12 54.1862
13 80.5211
8 54.3768
8 62.2699
9 43.1458
13 55.1945
15 62.7097
18 75.7358
23 59.5804
6 55.7253
21 61.933
6 63.9147
20 64.52
22 66.9197
14 45.2795
11 74.7985
1 65.4497
21 51.3882
19 57.8803
23 57.7597
1 55.1393
2 48.4101
0 50.2016
8 56.0666
20 57.1622
18 60.2325
20 58.6381
11 65.102
11 74.2564
9 69.8601
5 55.2707
13 55.9298
9 47.5968
